acc: 0.9700374531835206
f1: 0.7551020408163265
precision: 0.7115384615384616
recall: 0.8043478260869565
