acc: 0.982521847690387
f1: 0.8813559322033898
precision: 0.9629629629629629
recall: 0.8125
