acc: 0.9725343320848939
f1: 0.7659574468085107
precision: 0.72
recall: 0.8181818181818182
