acc: 0.9400749063670412
f1: 0.823529411764706
precision: 0.7943262411347518
recall: 0.8549618320610687
